{
 "cells": [
  {
   "cell_type": "code",
   "execution_count": 1,
   "metadata": {},
   "outputs": [],
   "source": [
    "using LinearAlgebra, Random, Statistics"
   ]
  },
  {
   "cell_type": "code",
   "execution_count": 2,
   "metadata": {},
   "outputs": [
    {
     "data": {
      "text/plain": [
       "10-element Array{Float64,1}:\n",
       " -0.2292924575926503 \n",
       "  3.0038579866493063 \n",
       " -0.04186143334300543\n",
       " -0.5569761886293225 \n",
       " -0.9678994091362471 \n",
       "  0.08559138044446177\n",
       "  1.6572755838325788 \n",
       " -0.14945559003638517\n",
       " -1.3642845508984902 \n",
       "  0.49126493235116814"
      ]
     },
     "execution_count": 2,
     "metadata": {},
     "output_type": "execute_result"
    }
   ],
   "source": [
    "# generate random data matrix\n",
    "n,d = 10,4\n",
    "X = randn(n,d)\n",
    "\n",
    "# optional: give it linearly dependent columns\n",
    "X[:,3] = X[:,2]"
   ]
  },
  {
   "cell_type": "code",
   "execution_count": 3,
   "metadata": {},
   "outputs": [
    {
     "data": {
      "text/plain": [
       "SVD{Float64,Float64,Array{Float64,2}}([-0.0583343 -0.31289 0.116624 0.0253931; 0.772663 -0.139247 -0.11239 -0.58839; … ; -0.35584 0.187792 0.394046 -0.640279; 0.132214 -0.201358 -0.411603 0.2211], [5.51707, 2.39269, 2.09817, 1.85399e-16], [0.00340931 0.706679 0.706679 -0.0346196; 0.872678 0.00985064 0.00985064 0.488096; -0.488283 0.0225396 0.0225396 0.872103; 0.0 -0.707107 0.707107 -1.11022e-16])"
      ]
     },
     "execution_count": 3,
     "metadata": {},
     "output_type": "execute_result"
    }
   ],
   "source": [
    "U,σ,V = svd(X)"
   ]
  },
  {
   "cell_type": "code",
   "execution_count": 4,
   "metadata": {},
   "outputs": [
    {
     "data": {
      "text/plain": [
       "4×4 Array{Float64,2}:\n",
       "  1.0          -1.19285e-16  -3.28834e-16   2.82122e-16\n",
       " -1.19285e-16   1.0          -3.98916e-16  -4.94865e-17\n",
       " -3.28834e-16  -3.98916e-16   1.0          -1.12069e-16\n",
       "  2.82122e-16  -4.94865e-17  -1.12069e-16   1.0        "
      ]
     },
     "execution_count": 4,
     "metadata": {},
     "output_type": "execute_result"
    }
   ],
   "source": [
    "U'*U"
   ]
  },
  {
   "cell_type": "code",
   "execution_count": 5,
   "metadata": {},
   "outputs": [
    {
     "data": {
      "text/plain": [
       "4×4 Array{Float64,2}:\n",
       "  1.0           8.13397e-17   6.19853e-17  -9.84806e-17\n",
       "  8.13397e-17   1.0           1.59805e-17  -3.38299e-17\n",
       "  6.19853e-17   1.59805e-17   1.0          -1.54986e-17\n",
       " -9.84806e-17  -3.38299e-17  -1.54986e-17   1.0        "
      ]
     },
     "execution_count": 5,
     "metadata": {},
     "output_type": "execute_result"
    }
   ],
   "source": [
    "V'*V"
   ]
  },
  {
   "cell_type": "code",
   "execution_count": 6,
   "metadata": {},
   "outputs": [
    {
     "data": {
      "text/plain": [
       "4-element Array{Float64,1}:\n",
       " 5.517065489881705    \n",
       " 2.392688952166706    \n",
       " 2.098174599462027    \n",
       " 1.853992165135723e-16"
      ]
     },
     "execution_count": 6,
     "metadata": {},
     "output_type": "execute_result"
    }
   ],
   "source": [
    "σ"
   ]
  },
  {
   "cell_type": "code",
   "execution_count": 7,
   "metadata": {},
   "outputs": [
    {
     "data": {
      "text/plain": [
       "5.46330746322388e-15"
      ]
     },
     "execution_count": 7,
     "metadata": {},
     "output_type": "execute_result"
    }
   ],
   "source": [
    "# decomposition is just as good if we ignore the 0 in sigma and reduce r by 1\n",
    "norm(X - U[:,1:3]*Diagonal(σ[1:3])*(V[:,1:3])')"
   ]
  },
  {
   "cell_type": "code",
   "execution_count": 8,
   "metadata": {},
   "outputs": [],
   "source": [
    "# form data from noisy linear model\n",
    "w♮ = randn(d)\n",
    "y = X*w♮ + .1*randn(n);"
   ]
  },
  {
   "cell_type": "code",
   "execution_count": 9,
   "metadata": {},
   "outputs": [
    {
     "data": {
      "text/plain": [
       "4-element Array{Float64,1}:\n",
       " 0.957726104709162 \n",
       " 0.8979311192084566\n",
       " 0.8979311192084558\n",
       " 0.3753573091990735"
      ]
     },
     "execution_count": 9,
     "metadata": {},
     "output_type": "execute_result"
    }
   ],
   "source": [
    "# solve least squares problem to estimate w\n",
    "\n",
    "# full svd - takes inverse of 0!\n",
    "w = V*Diagonal(σ.^(-1))*U'*y\n",
    "\n",
    "# thin svd\n",
    "w = V[:,1:3]*Diagonal(σ[1:3].^(-1))*(U[:,1:3])'*y"
   ]
  },
  {
   "cell_type": "code",
   "execution_count": 10,
   "metadata": {},
   "outputs": [
    {
     "data": {
      "text/plain": [
       "0.06619061434328534"
      ]
     },
     "execution_count": 10,
     "metadata": {},
     "output_type": "execute_result"
    }
   ],
   "source": [
    "# how good is our estimate of w? -> not great\n",
    "norm(w - w♮) / norm(w♮)"
   ]
  },
  {
   "cell_type": "code",
   "execution_count": 11,
   "metadata": {},
   "outputs": [
    {
     "data": {
      "text/plain": [
       "0.0033561740046633877"
      ]
     },
     "execution_count": 11,
     "metadata": {},
     "output_type": "execute_result"
    }
   ],
   "source": [
    "# compute mean square error -> but prediction is good\n",
    "mean((y - X*w).^2)"
   ]
  },
  {
   "cell_type": "markdown",
   "metadata": {},
   "source": [
    "## Q: Why is prediction good even though error in estimate of w is bad?\n",
    "\n",
    "Answer: ..."
   ]
  },
  {
   "cell_type": "code",
   "execution_count": 12,
   "metadata": {},
   "outputs": [
    {
     "data": {
      "text/plain": [
       "1.6736404963781187e-15"
      ]
     },
     "execution_count": 12,
     "metadata": {},
     "output_type": "execute_result"
    }
   ],
   "source": [
    "# let's use the shorthand\n",
    "w_backslash = X \\ y\n",
    "norm(w_backslash - w)"
   ]
  }
 ],
 "metadata": {
  "kernelspec": {
   "display_name": "Julia 1.1.0",
   "language": "julia",
   "name": "julia-1.1"
  },
  "language_info": {
   "file_extension": ".jl",
   "mimetype": "application/julia",
   "name": "julia",
   "version": "1.1.0"
  }
 },
 "nbformat": 4,
 "nbformat_minor": 1
}
